obs_1,obs_Belkin Wemo switch
obs_2,obs_Belkin wemo motion sensor
obs_3,obs_Belkin Wemo switch
obs_4,obs_Belkin wemo motion sensor
obs_5,obs_Belkin wemo motion sensor
obs_6,obs_Belkin wemo motion sensor
obs_7,obs_Belkin Wemo switch
obs_8,obs_Belkin wemo motion sensor
obs_9,obs_Belkin wemo motion sensor
obs_10,obs_Belkin Wemo switch
obs_11,obs_Belkin Wemo switch
obs_12,obs_Belkin Wemo switch
obs_13,obs_Belkin Wemo switch
obs_14,obs_Belkin Wemo switch
obs_15,obs_Belkin wemo motion sensor
obs_16,obs_Belkin Wemo switch
obs_17,obs_Belkin Wemo switch
obs_18,obs_Belkin Wemo switch
obs_19,obs_Belkin Wemo switch
obs_20,obs_Belkin Wemo switch
obs_21,obs_Belkin wemo motion sensor
obs_22,obs_Belkin wemo motion sensor
obs_23,obs_Belkin wemo motion sensor
obs_24,obs_Belkin wemo motion sensor
obs_25,obs_Belkin wemo motion sensor
obs_26,obs_Belkin Wemo switch
obs_27,obs_Belkin wemo motion sensor
obs_28,obs_Belkin wemo motion sensor
obs_29,obs_Belkin Wemo switch
obs_30,obs_Belkin Wemo switch
obs_31,obs_Belkin Wemo switch
obs_32,obs_Belkin wemo motion sensor
obs_33,obs_Belkin wemo motion sensor
obs_34,obs_Belkin Wemo switch
obs_35,obs_Belkin Wemo switch
obs_36,obs_Belkin wemo motion sensor
obs_37,obs_Belkin wemo motion sensor
obs_38,obs_Belkin wemo motion sensor
obs_39,obs_Belkin wemo motion sensor
obs_40,obs_Belkin Wemo switch
obs_41,obs_Belkin Wemo switch
obs_42,obs_Belkin Wemo switch
obs_43,obs_Belkin Wemo switch
obs_44,obs_Belkin Wemo switch
obs_45,obs_Belkin Wemo switch
obs_46,obs_Belkin Wemo switch
obs_47,obs_Belkin Wemo switch
obs_48,obs_Belkin Wemo switch
obs_49,obs_Belkin Wemo switch
obs_50,obs_Belkin wemo motion sensor
obs_51,obs_Belkin wemo motion sensor
obs_52,obs_Belkin wemo motion sensor
obs_53,obs_Belkin wemo motion sensor
obs_54,obs_Belkin wemo motion sensor
obs_55,obs_Belkin wemo motion sensor
obs_56,obs_Belkin wemo motion sensor
obs_57,obs_Belkin Wemo switch
obs_58,obs_Belkin wemo motion sensor
obs_59,obs_Belkin Wemo switch
obs_60,obs_TPLink Router Bridge LAN (Gateway)
obs_61,obs_TPLink Router Bridge LAN (Gateway)
obs_62,obs_Samsung Galaxy Tab
obs_63,obs_TPLink Router Bridge LAN (Gateway)
obs_64,obs_SmartThings
obs_65,obs_TPLink Router Bridge LAN (Gateway)
obs_66,obs_Withings Smart Baby Monitor
obs_67,obs_TPLink Router Bridge LAN (Gateway)
obs_68,obs_amazon echo
obs_69,obs_Netatmo weather station
obs_70,obs_TPLink Router Bridge LAN (Gateway)
obs_71,obs_TPLink Router Bridge LAN (Gateway)
obs_72,obs_TPLink Router Bridge LAN (Gateway)
obs_73,obs_amazon echo
obs_74,obs_Samsung SmartCam
obs_75,obs_Samsung SmartCam
obs_76,obs_Samsung SmartCam
obs_77,obs_Samsung SmartCam
obs_78,obs_Samsung SmartCam
obs_79,obs_Samsung SmartCam
obs_80,obs_Samsung SmartCam
obs_81,obs_Samsung SmartCam
obs_82,obs_Samsung SmartCam
obs_83,obs_Samsung SmartCam
obs_84,obs_Samsung SmartCam
obs_85,obs_Samsung SmartCam
obs_86,obs_Samsung SmartCam
obs_87,obs_Samsung SmartCam
obs_88,obs_TPLink Router Bridge LAN (Gateway)
obs_89,obs_TPLink Router Bridge LAN (Gateway)
obs_90,obs_SmartThings
obs_91,obs_TPLink Router Bridge LAN (Gateway)
obs_92,obs_TPLink Router Bridge LAN (Gateway)
obs_93,obs_TPLink Router Bridge LAN (Gateway)
obs_94,obs_Withings Smart Baby Monitor
obs_95,obs_TPLink Router Bridge LAN (Gateway)
obs_96,obs_TPLink Router Bridge LAN (Gateway)
obs_97,obs_TPLink Router Bridge LAN (Gateway)
obs_98,obs_TPLink Router Bridge LAN (Gateway)
obs_99,obs_TPLink Router Bridge LAN (Gateway)
obs_100,obs_SmartThings
